9108233692688613180
827985641796641208
8964185113225265447
3778726795492766114
18062436275394740797
15771540587940735878
12273785130273864014
4990411219949168015
18018318022752285758
8790479371325661393
14664652442678260509
289749333823235152
15204708840808137691
12267847518024032148
15412786702136164917
16320273432042028132
8645773182733735301
10846878370921522445
12330961405060916675
439665984299845185
13725801573118791978
14411307996267651130
192032734265373484
2618032404227898991
13810133454698281389
8301128896282367899
13629007778930502336
9569432784425559916
5426379529909210783
4801345316880746397
9392114533708509885
651508900652897115
2559227313438548082
13640044322760608935
10407070729414755881
15269832921096685514
751614056233924604
3198185554142747867
11511584529244288084
